	400_vs_60k_in_HPLM_fc	400_vs_60k_in_HPLM_p	400_vs_60k_in_DMEM_fc	400_vs_60k_in_DMEM_p	400_vs_60k_in_HPLM_15mM_Glucose_fc	400_vs_60k_in_HPLM_15mM_Glucose_p	400_vs_60k_in_DMEM_15mM_Glucose_fc	400_vs_60k_in_DMEM_15mM_Glucose_p	60k_HPLM_vs_DMEM_fc	60k_HPLM_vs_DMEM_p	400_HPLM_vs_DMEM_fc	400_HPLM_vs_DMEM_p	60k_HPLM_vs_DMEM_15mM_Glucose_fc	60k_HPLM_vs_DMEM_15mM_Glucose_p	400_HPLM_vs_DMEM_15mM_Glucose_fc	400_HPLM_vs_DMEM_15mM_Glucose_p
sec-Butylamine	0.522047024	0.006712392	1.192737882	0.008752192	0.585813151	0.001476272	1.399354078	0.001762267	6.598535574	0.001098854	5.927844716	0.001763358	4.835164722	0.001272276	4.021623796	0.001024791
2-Hydroxyglutarate	-1.016891676	0.000120268	-1.142954282	0.000188391	-0.903466394	0.000541133	-0.952433085	0.002876283	-0.641538844	0.002527461	-0.515476238	0.012666167	-0.520365469	0.019731158	-0.471398779	0.041000119
3-Phosphoglyceric acid	0.071516867	0.813996567	0.205017996	0.547885366	-0.96071854	0.006336993	-1.129087791	0.000133679	0.095090916	0.645360041	-0.038410213	0.918643479	0.085070313	0.478195057	0.253439564	0.339632319
Pyroglutamic acid	0.249310064	0.138613411	1.064135261	7.25E-05	0.616127424	0.007764456	1.077169623	3.20E-06	-3.019792408	4.63E-07	-3.834617605	0.000145984	-2.908801598	4.55E-05	-3.369843797	1.49E-05
5-Methylthioadenosine	-0.243592665	0.022340304	-0.09860088	0.31317094	-0.324415337	0.015687793	-0.122400576	0.144292617	0.70873917	0.000478306	0.563747385	0.005542294	0.59357499	0.001559697	0.391560229	0.021007313
Adenosine	0.442281202	0.006683639	0.658642307	0.00158368	0.74691214	0.00192985	0.579796252	0.071671515	0.168027473	0.117227252	-0.048333632	0.454270453	0.498650526	0.083965797	0.665766414	0.00924056
alpha-ketoglutarate	1.000852024	0.00829114	-0.061159275	0.52760331	0.8782472	0.016134905	0.084563835	0.398853855	1.46667259	1.14E-05	2.528683889	0.002454523	1.372647839	0.000105279	2.166331204	0.006163631
Acyl-carnitine	-0.003914887	0.947476993	-0.01516665	0.795614666	0.088988788	0.214688064	0.576717136	0.000146508	4.274398366	0.000970904	4.285650128	0.000644488	3.524959951	0.001252368	3.037231604	0.000908575
Acyl-choline	-0.336614037	0.119223972	-0.324229652	0.041019376	-0.338011011	0.080679796	-0.534443569	0.003066727	0.159356171	0.355164303	0.146971786	0.313451939	0.112587672	0.406921181	0.30902023	0.083628019
cis-Aconitic acid	0.054582347	0.957786458	-0.381696292	0.006033401	0.297562901	0.766272054	-0.61397283	0.061278899	0.409948177	0.654955087	0.846226815	0.448106387	0.00522633	0.993854571	0.916762062	0.427523093
Adenine	-0.041700392	0.452877032	0.170568894	0.680526107	-0.059789884	0.614227048	-0.247322119	0.609069706	-1.195124242	0.090976847	-1.407393528	0.082367403	-1.356032126	0.140934811	-1.16849989	0.019223472
ADP	-0.661907365	0.221957671	-0.382065684	0.334873768	-1.069478148	0.00729639	-1.890576827	0.011411829	1.122531743	0.119903157	0.842690061	0.139467415	-0.281733442	0.007767637	0.539365238	0.121452727
L-Alanine	0.323410184	0.040971117	0.355466974	0.104111154	0.504946772	0.004494663	0.837241121	0.000431505	5.668235067	0.000803759	5.636178276	0.002609301	4.424397891	0.000778841	4.092103542	0.001338468
Adenosine monophosphate	-0.632460305	0.001104281	-0.668251454	0.030173145	-1.084588986	0.074852403	-1.05192481	0.089539208	0.704996144	0.002407842	0.740787293	0.02110227	0.157606862	0.676599224	0.124942686	0.697129572
AMP	-0.384151395	0.356828209	-0.772356299	0.090484808	-0.023368267	0.961828235	2.14784938	0.004708924	-0.353683753	0.32901182	0.03452115	0.934656182	1.407915307	0.030184955	-0.763302339	0.11819086
L-Arginine	-0.57332292	0.076636488	-0.375001009	0.210134785	-0.153015471	0.664056414	-0.342382659	0.176813597	-2.124662643	0.006765177	-2.322984555	0.036824264	-2.115004225	0.003579415	-1.925637037	0.024026516
L-Asparagine	0.878945081	0.002027169	-2.40274822	0.006648476	0.994781965	0.000231952	-1.550122404	0.000200239	2.460327051	0.008677415	5.742020352	0.000808622	2.105011945	0.004873739	4.649916314	0.000582236
L-Aspartic acid	0.616602811	0.001726921	-0.216898339	0.280179679	0.755257621	0.003871496	-0.445559237	0.17824835	2.422600866	0.000907635	3.256102015	0.000191859	2.022033933	0.000787094	3.22285079	4.62E-07
Adenosine triphosphate	-0.248290681	0.540643009	0.095452738	0.680602635	-0.970167233	0.002049487	-3.176481072	0.007706501	1.103100423	0.092398631	0.759357004	0.1285698	-1.252634934	0.014143792	0.953678904	0.033531194
Cytidine	0.396214675	0.001591299	0.990744023	0.008088755	1.105308229	0.001116905	0.79580252	0.000565893	-0.045232734	0.300572699	-0.639762082	0.009787367	-0.179784296	0.252824365	0.129721413	0.064261912
Carbamoyl aspartic acid	1.007269681	0.001950075	1.577220566	0.000731088	0.972303934	0.125738181	0.756781887	0.080299794	0.203937022	0.433760154	-0.366013863	0.014391401	-0.306295817	0.232801899	-0.09077377	0.804334073
L-Carnitine	0.460236987	0.001877509	0.381093812	0.164059294	0.556231507	0.001153309	1.092284308	0.001735883	4.859212401	5.80E-05	4.938355576	0.000276494	3.797160361	0.000180395	3.26110756	0.00040839
Choline	0.660105864	0.000492745	1.091986912	0.005786159	0.76669444	0.000443546	1.066932565	7.15E-05	0.193798549	0.016143933	-0.238082499	0.051350512	0.369985569	0.008618343	0.069747444	0.084495254
Citrulline	0.606495165	0.304091599	-0.104026293	0.435830074	0.502274063	0.237139396	0.565651247	0.070594619	5.820445279	0.001305164	6.530966736	0.008097164	4.608355616	0.000872398	4.544978431	0.007253795
Creatine	0.336090906	0.003139334	0.602745186	0.025252262	0.40779278	0.003664354	0.854039708	1.44E-05	4.507691693	0.000750214	4.241037414	0.000550783	3.58136387	0.000308358	3.135116941	0.000818807
P-Creatine	0.957640075	0.00021449	1.341588912	0.004866769	1.029370873	0.002225161	1.716411985	2.08E-05	2.067305702	2.38E-06	1.683356865	9.22E-06	1.489615102	2.51E-07	0.80257399	0.00224211
Creatinine	0.59459786	9.44E-05	0.452448955	0.248209269	0.628932225	0.000826082	1.076388237	0.003687208	5.319198856	0.000490822	5.461347761	9.58E-05	3.883004777	0.000151223	3.435548765	0.000355969
Cytidine triphosphate	-0.002669129	0.995726424	0.557040563	0.173792159	-1.463149122	0.005687224	-5.165097488	0.010106271	2.060522374	0.099439922	1.500812682	0.061642995	-0.938552481	0.02894081	2.763395885	0.072222892
L-Cystine	2.412655795	0.001938519	2.127250564	0.000260389	2.182050692	0.001883576	2.534901258	0.000590922	-1.785539152	8.47E-05	-1.50013392	2.02E-05	-0.695620674	0.005186906	-1.048471241	8.46E-05
Cytosine	0.895940652	0.066496356	1.106770031	0.378540273	1.343732673	0.030787149	0.749692262	0.370384704	0.786471631	0.136390825	0.575642252	0.42238679	-0.071255251	0.880780827	0.52278516	0.350885306
Deoxyadenosine	-0.064598207	0.918860546	0.700788649	0.009987421	0.503774062	0.419269544	0.097620836	0.564676881	1.234876927	0.263609687	0.469490071	0.100824771	0.748609723	0.238073111	1.154762949	0.177269943
Deoxycytidine	0.177272053	0.042905226	0.753450001	0.000194808	0.342982096	0.110216886	0.530774095	0.06534388	1.418192286	0.000388481	0.842014338	0.002366349	1.354970871	0.001134592	1.167178872	0.016703481
Thymidine	0.512654855	0.001908316	0.759201722	0.027718318	0.575111546	0.028339826	0.560548636	0.070112982	0.843510174	6.22E-05	0.596963307	0.010623872	0.84212661	0.036869477	0.85668952	0.001188627
Deoxyuridine	1.074688781	0.00970848	1.576617782	0.004590915	1.148754105	0.023340051	1.411649824	0.01526641	0.539064922	0.006257089	0.037135921	0.7853881	0.699326677	0.145593538	0.436430957	0.137460474
"Fructose 1,6-bisphosphate"	-0.251395831	0.681185138	1.170158399	0.049002673	-2.339351263	0.005284786	-4.031394399	0.001646177	-0.741760511	0.176513546	-2.16331474	0.03282859	-1.24407601	0.000673848	0.447967125	0.448017909
Folic acid	1.188300558	0.000341955	1.319555438	0.002073701	1.106394715	0.000198094	1.318111266	0.003791221	-3.81784074	0.001929338	-3.94909562	0.002195508	-3.803687448	0.004174857	-4.015403998	0.003789748
D-Fructose	0.83962722	0.000490084	0.706005789	0.004147831	0.838992073	0.000546692	0.469355157	0.052112672	4.662635041	0.00107806	4.796256471	3.22E-05	4.383930677	0.000634931	4.753567593	0.000635745
Guanosine	-0.676163794	0.118503249	-0.491935665	0.114866884	0.439294235	0.051541338	0.124592573	0.7563231	0.682174695	0.128567821	0.497946566	0.18940469	1.158469147	0.011798157	1.473170809	0.002460308
Glucose-6-phosphate	-0.919778258	0.124170156	-1.216908684	0.004223345	-0.325118384	0.03707489	-1.091856907	0.004775611	0.756570703	0.159628301	1.053701128	0.003898846	0.40718838	0.021740026	1.173926903	0.00294498
Gamma-Aminobutyric acid	-0.526125983	0.027708155	-1.116184037	0.058115251	-0.651861719	0.050967359	-1.11691115	0.023947115	1.702036443	0.001982998	2.292094497	0.004230984	1.543372639	0.014367806	2.00842207	0.007385134
D-Galactose	0.527474731	0.006044224	0.884498187	0.000196737	0.407926447	0.004156595	0.687990041	0.000276699	-0.275091997	0.039333297	-0.632115454	2.65E-05	0.281916524	0.030270359	0.001852931	0.968300434
D-Gluconate	0.348776551	0.003511633	1.34595515	2.02E-05	0.784984908	0.003843626	1.633299795	0.020790264	1.042613511	0.000126637	0.045434912	0.2212542	1.911635102	0.014025987	1.063320216	0.001356447
N-Acetyl-D-glucosamine	0.100683036	0.584109332	0.721665663	0.060098067	1.075139558	0.004924121	1.17369992	0.002343731	0.656166655	0.047825638	0.035184028	0.861265038	0.856737573	0.010547938	0.758177211	0.007706034
N-acetyl-D-glucosamine 6-phosphate	-0.286374712	0.735012684	-2.096740917	0.001923993	-2.134969793	0.002441061	-0.790207287	0.216220534	-1.00658711	0.180765869	0.803779095	0.369237024	-0.860662028	0.113646321	-2.205424534	0.182141746
Glutamine	-0.676634798	0.035521245	0.209093988	0.268301697	-0.738663491	0.009465438	0.181417542	0.184077584	-1.206500269	0.000527485	-2.092229055	0.008024827	-1.152955906	0.000185392	-2.073036939	0.002727484
L-Glutamic acid	-0.078224431	0.403981985	-0.562798823	0.001560868	0.106397047	0.384791789	-0.531415789	0.010163129	0.846049043	0.000617583	1.330623435	0.003592875	0.455362029	0.04538827	1.093174866	0.000332634
Glycine	0.072098486	0.485092738	0.573899826	0.02088965	0.025832563	0.716608094	0.464463792	0.015542549	1.104135947	0.004117558	0.602334607	0.00654878	1.164554546	0.002994818	0.725923317	0.000936408
Glycerol	1.020884065	0.013774341	0.129249026	0.888726796	0.840242563	0.026590578	1.650553141	0.024084987	4.648109597	0.009663979	5.539744636	0.008092735	3.665579869	0.007524327	2.855269291	0.009971474
Guanosine monophosphate	-0.679436924	0.418997007	-1.775801759	0.048407206	-1.130690503	0.176850229	-1.42102395	0.136999676	0.33322694	0.594412179	1.429591775	0.286405049	-0.286514028	0.63405166	0.003819419	0.993536705
Glutathione	-3.544771504	0.139832649	-3.197381308	0.147852219	-3.136943099	0.092093618	-4.624616169	0.160907958	1.633814833	0.213933597	1.286424638	0.240715535	0.749065408	0.360717746	2.236738477	0.092997504
Glutathione disulfide	-2.682164931	0.153127548	-1.363899072	0.245197819	-2.249701295	0.110005371	-2.610850692	0.174696008	0.540622318	0.538354586	-0.777643542	0.450337964	0.476722253	0.532953637	0.83787165	0.216167002
Oxidized glutathione	-0.875362136	7.19E-05	-1.828870347	8.43E-05	-0.885979351	0.000136373	-1.97886951	0.002424614	1.08871114	0.000686386	2.042219351	0.001598712	0.308245136	0.009848871	1.401135295	0.003653014
L-Histidine	-1.11202445	0.146570974	-2.507594792	0.000263376	-0.527654226	0.279164588	-2.586747594	0.000173924	-2.614640021	0.00012136	-1.219069678	0.052756732	-2.958162976	1.93E-05	-0.899069608	0.007977778
Homocysteine	1.320815162	0.002162509	0.3564562	0.027834845	1.163305577	0.001166834	1.376900257	0.000110754	7.479729265	1.64E-06	8.444088226	0.000787603	6.350817607	0.002358747	6.137222926	0.001695534
Thiosulfuric acid	0.990811884	0.00975293	1.117811322	0.053011526	-0.168105481	0.765742375	1.076476279	0.005521795	-0.337753869	0.339819705	-0.464753307	0.207266152	-0.182278014	0.678910783	-1.426859774	0.008055605
Hypoxanthine	1.28870255	0.007135157	3.166934992	0.000453033	1.179666174	0.005140996	4.343591489	0.000682931	9.769008574	0.023876891	7.890776133	0.007674264	8.895091672	0.028088809	5.731166356	0.003839806
myo-Inositol	0.417878542	0.008253093	0.076973556	0.632489462	0.374309837	0.008310743	0.082944728	0.366626699	1.094369458	0.004018977	1.435274444	0.000191466	0.967708501	0.000276999	1.25907361	0.000593936
Lactate	0.817426244	0.000836854	0.892174828	0.000284144	0.826805552	0.013307947	1.107647096	0.000985198	3.246703134	0.001774925	3.171954549	0.001381451	2.962640717	5.68E-07	2.681799173	0.003374915
Leucine	0.528719652	0.002388042	0.834382576	0.000356351	0.730763619	0.000249637	0.847726901	0.002888578	-1.599672592	0.0002076	-1.905335517	0.000230669	-1.149846448	2.18E-05	-1.26680973	0.001511497
L-Lysine	0.988415379	0.003032761	1.278813714	9.29E-05	1.088908604	0.000611866	1.310586108	0.000274928	-1.608676952	0.000158773	-1.899075287	2.42E-05	-1.384528389	9.07E-05	-1.606205893	6.52E-05
Malate	-0.146688938	0.109562253	-0.737098092	0.014036739	-0.174170358	0.102896323	-0.817022122	0.004044132	0.598575169	0.002067779	1.188984322	0.003643568	0.217620048	0.062571054	0.860471812	0.003885155
L-Methionine	0.60402062	2.01E-06	0.930854393	0.001354487	0.694156005	3.28E-06	0.957074394	0.000330541	-2.257947445	2.79E-05	-2.584781218	0.000564527	-2.138620475	0.000524553	-2.401538864	2.38E-10
NADH	-1.060024125	0.003316404	-1.302863407	0.006408877	-0.920598899	0.015590848	-1.675530622	0.002855056	0.108307876	0.23468354	0.351147158	0.089791112	-0.204499903	0.291702642	0.550431819	0.087136288
NADPH	-1.070621475	0.053955545	-0.543069245	0.219008683	-1.11162615	0.173505742	-1.504434942	0.025372333	0.808095495	0.215880959	0.280543264	0.14647165	-0.73544184	0.089306698	-0.342633047	0.31085823
Niacinamide	0.540155113	0.000420735	0.766643132	0.00070575	0.635020783	0.002682058	0.831249861	4.23E-05	-1.407373737	0.000846653	-1.633861756	0.001091628	-1.194634455	0.001434663	-1.390863533	5.37E-06
Ornithine	1.037511829	0.003527421	1.151310029	0.02124241	1.079868969	0.000861536	1.425036742	0.018638292	3.01189132	0.003160368	2.89809312	0.002455575	3.13836449	0.00964715	2.793196718	0.001072628
Orotidine	-0.788633297	0.000211656	-0.344019665	0.128831466	-1.461035934	0.010371136	-1.148593306	0.005364245	4.881221711	0.000353127	4.436608079	0.000446898	4.298211357	0.005061056	3.985768728	8.11E-05
Phosphocholine	-0.601708792	3.26E-05	-0.646959483	0.006054987	-0.695617897	8.62E-05	-0.831911119	0.015584108	0.769662543	0.000215031	0.814913234	0.001079239	0.406101528	0.021818552	0.542394751	0.000964306
Phosphocreatine	-0.621296212	9.89E-05	-0.742987161	0.004011601	-0.619841598	0.000512018	-0.862516193	0.000433683	2.435583461	2.58E-05	2.55727441	0.000134863	2.091489781	0.00014783	2.334164376	0.001692863
Phospho-EtA	2.553186605	0.000344436	0.598822993	0.050256211	3.072695304	0.000309228	0.448224256	0.022241977	-1.784685704	0.032515559	0.169677907	0.116047793	-2.038700834	0.008173712	0.585770215	0.000445481
Palmitic acid	0.513138143	0.052592435	0.162570779	0.201833656	-0.128536729	0.380378606	0.146745338	0.627972127	-0.280786859	0.109639008	0.069780505	0.581325037	-0.529745776	0.05891386	-0.805027843	0.11174937
Pantothenic acid	0.45211211	0.000773114	1.507304245	0.00217931	0.74247595	0.000452012	1.52898185	0.000260807	-3.558201975	0.000122295	-4.613394111	0.001148024	-3.361631243	0.000609619	-4.148137142	0.000536354
L-Phenylalanine	0.789107259	0.000405161	1.01406232	0.001283044	0.882247331	1.72E-05	0.994633385	0.001184654	-1.465567463	3.80E-05	-1.690522524	0.000650702	-1.278925144	3.06E-05	-1.391311198	0.000401241
phosphate	0.247003916	0.215798964	0.231032386	0.129267213	-0.376736844	0.063218506	0.273239601	0.101135311	0.489666741	0.002791385	0.505638272	0.060897156	0.373558485	0.027337379	-0.27641796	0.14939597
Proline	0.811568312	0.008111974	1.0791971	0.095467741	0.955711963	0.00350433	1.387623644	0.013745034	4.912046914	0.000055784	4.644418126	0.001929076	4.272410932	0.000153733	3.840499252	0.001210975
S-Adenosylmethionine	-0.227181726	0.010765509	0.969263918	0.019405494	-0.207097391	0.076891667	0.474768889	0.045116908	0.65860851	0.000392438	-0.537837134	0.050756885	0.297279376	0.145585816	-0.384586905	0.037054843
L-Serine	0.604151808	0.06980866	-0.820282295	0.033490326	0.875663363	0.006847268	-1.075389722	0.007052838	-3.065338442	0.011525125	-1.640904338	0.019077998	-3.244582113	0.003805348	-1.293529029	0.005442875
Sorbitol	0.192900981	0.08458378	0.492979224	0.00041709	-0.109114619	0.338542473	0.068396881	0.423161464	0.744755947	0.008145889	0.444677704	1.22E-05	0.511483563	0.00143175	0.333972062	0.063456553
Succinate	0.862365468	0.000162027	0.13522516	0.208729283	0.88948976	0.003197809	0.801032757	0.000212682	3.009451974	3.17E-05	3.736592283	0.000286893	3.027786731	0.00460918	3.116243734	7.41E-05
L-Threonine	-0.659005281	0.010942725	0.478781679	0.040465222	-0.648767245	0.005363629	0.372000205	0.065455834	-1.228545596	0.000419851	-2.366332556	0.004244781	-1.173337393	1.60E-05	-2.194104843	0.004984684
Thymine	0.655142236	0.104639304	1.116104456	0.008242935	0.365349545	0.201416919	0.033036812	0.942830287	1.691685585	0.072414312	1.230723365	0.028128123	0.222476097	0.626385976	0.55478883	0.083085979
L-Tryptophan	0.688456295	0.000807736	1.339119054	0.004204499	0.752771656	0.002145921	1.309870546	0.000755031	-0.007406799	0.709438462	-0.658069558	0.008695352	0.198215915	0.010204431	-0.358882974	0.002376123
L-Tyrosine	0.741232909	0.000167562	1.602186144	0.002818621	0.818603593	0.000209668	1.50404796	2.85E-05	-1.120712675	0.001621397	-1.98166591	0.003002905	-1.042775345	0.005615929	-1.728219712	0.000361507
Uridine	0.979315633	0.000973664	1.142309685	0.000121817	1.143019965	6.94E-06	1.458351398	8.73E-05	4.811101974	0.000558419	4.648107922	0.000851327	4.263234445	0.0006319	3.947903012	0.000154705
Uridine 5'-diphosphate	-0.831522371	0.032632505	-1.272846421	0.013772253	-1.64970808	0.016184561	-3.281214457	0.006777799	2.275211336	0.012134842	2.716535386	0.000137593	0.296199588	0.204327403	1.927705964	0.001313413
Uridine diphosphate glucose	-0.646243075	0.002299763	-0.838066182	0.000293127	-0.475047291	0.01741843	-0.978175237	0.00057736	0.800014344	0.001522405	0.991837451	0.000137627	0.636782367	0.013537467	1.139910314	0.000496666
Uridine diphosphate-N-acetylglucosamine	-0.345790641	0.040636757	-0.550803166	0.000140646	-0.18478321	0.077767742	-0.609668779	0.002392955	-0.242773358	0.045198532	-0.037760833	0.360689549	-0.217113047	0.014764439	0.207772523	0.111583931
Uridine 5'-monophosphate	-0.748817699	0.15219785	-0.218271749	0.672182381	-0.093046545	0.74644259	-0.642033296	0.142153879	1.715364727	0.059626276	1.184818776	0.037889918	1.085162104	0.017641781	1.634148855	0.040022904
Uracil	0.492814815	0.006891619	0.496069176	0.156377859	0.76058352	9.93E-05	1.028902982	0.001304716	0.973138201	0.01887588	0.96988384	9.12E-05	1.44995668	7.51E-05	1.181637218	3.93E-05
Uric acid	0.782331154	0.003797567	0.73601234	0.011622896	0.796992186	5.84E-05	1.34228392	0.002074207	5.620703538	0.000147435	5.667022352	0.000974873	4.072042212	0.000403741	3.526750478	0.00016163
Uridine triphosphate	-0.064256309	0.8863047	0.263380251	0.184317442	-1.046214039	0.010762122	-4.342255328	0.004487635	1.81700928	0.0464264	1.48937272	0.115153353	-0.854088933	0.011309817	2.441952356	0.002076446
L-Valine	0.665985264	0.000432847	0.744892484	0.000503294	0.774129161	0.000205241	0.821646938	0.0022904	-0.820155229	0.002160127	-0.899062448	0.000987673	-0.624350189	0.000214694	-0.671867966	0.006410845
